1725953383147 0.7930167452068764 0
1725953979504 0.7947223142882609 1
1725954448371 0.7960128645690939 2
1725954908058 0.7972227471322164 3
1725955384479 0.7981958752551283 4
1725955838287 0.7996798496446802 5
1725956417587 0.800581955334824 6
1725956878947 0.801288110088918 7
1725957343946 0.8026986668780204 8
1725957802832 0.8036367610507781 9
1725958282619 0.8039458298340687 10
1725958879690 0.8066747371943533 11
1725959354851 0.8082207229515986 12
1725959812473 0.8084562260173339 13
1725960275071 0.8088026163371911 14
1725960737805 0.8098354600126559 15
1725961330417 0.8116135168482144 16
1725961793489 0.8121405919900817 17
1725962260886 0.8125024794361689 18
1725962717078 0.8120288236542494 19
1725963185348 0.812137999332926 20
1725963772799 0.8135528274397169 21
1725964240596 0.8139346966688493 22
1725964711950 0.8154365298295964 23
1725965185478 0.8152721074055296 24
1725965656707 0.8159193124865879 25
1725966244635 0.8159348254624704 26
1725966716401 0.8162640735182808 27
1725967187522 0.8169441648514588 28
1725967660081 0.817214751239717 29
1725968129302 0.8175386253282735 30
1725968724911 0.8176164705922452 31
1725969198840 0.8182924716397528 32
1725969670381 0.8186884385035345 33
1725970140130 0.8182972366811275 34
1725970611983 0.8191817962917439 35
1725971193283 0.8187532805536947 36
1725971665045 0.8199591468896997 37
1725972137420 0.8211153461657714 38
1725972613653 0.8200852679507524 39
1725973087010 0.818892758663867 40
1725973674971 0.820394657654439 41
1725974146188 0.8203851934015148 42
1725974618317 0.8213646424032162 43
1725975089690 0.8222792816618658 44
1725975562882 0.8204543232268197 45
1725976150109 0.8213367927404983 46
1725976628160 0.8208826414753942 47
1725977103338 0.8217632506887182 48
1725977575381 0.822057826858411 49
1725978048474 0.8207959161981935 50
1725978637982 0.8223568553778103 51
1725979110602 0.821428727410391 52
1725979585446 0.8213316820925434 53
1725980059565 0.8213613009318032 54
1725980534280 0.8216899400617341 55
1725981125215 0.8212844513439317 56
1725981598519 0.8216902033810334 57
1725982070619 0.8222794050927875 58
1725982545302 0.8212985572073088 59
1725983020197 0.822081602692915 60
1725983610377 0.8224203561452901 61
1725984084660 0.8219808044672493 62
1725984558372 0.8225217221531945 63
1725985032023 0.8225310629751973 64
1725985505525 0.8222602379538241 65
1725986094897 0.8213424300270515 66
1725986568270 0.8221686488905114 67
1725987042637 0.8214968615595954 68
1725987517358 0.8230580887446959 69
1725987988334 0.8207954553894198 70
1725988582200 0.8216325538470375 71
1725989053688 0.8213701151152073 72
1725989525287 0.8221103492869958 73
1725990000010 0.8222262655095951 74
1725990472196 0.8216318214902366 75
1725991054018 0.8222307178593016 76
1725991536200 0.8218931904874136 77
1725992013008 0.822526478965841 78
1725992489465 0.8221248172144096 79
1725992963450 0.8230238282949832 80
1725993555778 0.8225023410673006 81
1725994031217 0.8217768957433218 82
1725994508526 0.822222035335547 83
1725994983022 0.8221008356617029 84
1725995458471 0.8223663772318311 85
1725996048580 0.822540494313209 86
1725996530901 0.8220042017802606 87
1725997006676 0.8223857418602689 88
1725997487400 0.8221345777015453 89
1725997960491 0.8222988602372343 90
1725998556651 0.8224585176199264 91
1725999036451 0.8221586250840766 92
1725999516893 0.8221929431348858 93
1725999998382 0.8233624665451649 94
1726000477111 0.8225115502296535 95
1726001066665 0.8219893553313542 96
1726001542885 0.8225264378222005 97
1726002021742 0.8222845321981983 98
1726002496100 0.8218583622554619 99
1726002976092 0.8225310218315568 100
1726003568217 0.8221446097367084 101
1726004047398 0.82158387484228 102
1726004525425 0.8216857921749672 103
1726005006164 0.8222020206375893 104
1726005485254 0.8215299370724617 105
1726006080579 0.8217870018370379 106
1726006605927 0.8224680312452193 107
1726007094116 0.8213133295976622 108
1726007578635 0.8212886650605233 109
1726008057749 0.8223327586229106 110
