1725953383158 0.3406079797636681 0
1725953979518 0.3370873041377209 1
1725954448382 0.33558869975305505 2
1725954908069 0.333650378701692 3
1725955384490 0.3321435438137096 4
1725955838298 0.3295302257554993 5
1725956417597 0.3286984794367437 6
1725956878959 0.3269492677311496 7
1725957343957 0.32531304780905607 8
1725957802870 0.32414456318353885 9
1725958282631 0.32295939520734485 10
1725958879701 0.32151528043755434 11
1725959354862 0.3201063936576247 12
1725959812494 0.3190804285338462 13
1725960275083 0.3179529682043848 14
1725960737815 0.31637538891714434 15
1725961330429 0.3158052764581701 16
1725961793500 0.3138676251476114 17
1725962260900 0.3132811555002659 18
1725962717096 0.3126357928596179 19
1725963185359 0.3123388040008595 20
1725963772810 0.3117395477625311 21
1725964240610 0.3104453085181718 22
1725964711961 0.30987070210158163 23
1725965185489 0.31018962607013595 24
1725965656719 0.3091006380607291 25
1725966244647 0.30829424999359223 26
1725966716412 0.3083010488616229 27
1725967187533 0.3071106165188761 28
1725967660092 0.3068550224865482 29
1725968129313 0.30642377682339106 30
1725968724922 0.3059146428932574 31
1725969198852 0.30599464292264555 32
1725969670393 0.30522525358235114 33
1725970140141 0.30508729505311183 34
1725970611994 0.30451907678207585 35
1725971193294 0.30481911070718626 36
1725971665057 0.3041013521257567 37
1725972137431 0.3034887671641231 38
1725972613666 0.3036209307587936 39
1725973087021 0.303454157234732 40
1725973674982 0.3031282080152985 41
1725974146198 0.3022550171158175 42
1725974618329 0.30270697571000654 43
1725975089701 0.3010585142108197 44
1725975562893 0.3022962543873651 45
1725976150120 0.30205054556268573 46
1725976628171 0.30228725179803956 47
1725977103349 0.3013388117646227 48
1725977575393 0.30124414041822795 49
1725978048485 0.3010272253650508 50
1725978637994 0.3010509350108868 51
1725979110614 0.3017131746400812 52
1725979585458 0.3010372810416145 53
1725980059576 0.30161560953267397 54
1725980534291 0.3005267528120871 55
1725981125226 0.30131972805564616 56
1725981598530 0.3010015931870272 57
1725982070630 0.30131361007086455 58
1725982545314 0.3009209618650119 59
1725983020208 0.30025755880990684 60
1725983610388 0.3009102499149371 61
1725984084671 0.30059053315227796 62
1725984558383 0.30070311836621694 63
1725985032035 0.30076532612789864 64
1725985505536 0.30113371748057666 65
1725986094909 0.30056438328569185 66
1725986568281 0.30083502032033327 67
1725987042649 0.3013574231743333 68
1725987517368 0.3007162054804716 69
1725987988345 0.30091592787285476 70
1725988582219 0.3006431823700095 71
1725989053699 0.3008761227575804 72
1725989525297 0.3010871986717926 73
1725990000022 0.30045754454412155 74
1725990472207 0.3014017795454619 75
1725991054030 0.300721556175325 76
1725991536212 0.30108191045508303 77
1725992013020 0.30081784852439225 78
1725992489476 0.30073783857549663 79
1725992963461 0.29981019971246764 80
1725993555789 0.3008375846513427 81
1725994031228 0.30084967756952796 82
1725994508538 0.30047441474254255 83
1725994983033 0.30092533469651966 84
1725995458482 0.30024448691263317 85
1725996048591 0.3007239651114744 86
1725996530913 0.2995290092796567 87
1725997006688 0.29997316320509754 88
1725997487416 0.30110576742969564 89
1725997960502 0.29982542573119336 90
1725998556662 0.30052103763354 91
1725999036462 0.3002049272561833 92
1725999516904 0.30060476909788086 93
1725999998393 0.30031284627430876 94
1726000477123 0.3009485404495851 95
1726001066677 0.300695305496528 96
1726001542896 0.300933608774898 97
1726002021754 0.3005411775637473 98
1726002496111 0.3010849822935012 99
1726002976104 0.3005050083629252 100
1726003568229 0.30078199343516093 101
1726004047409 0.30028903192845124 102
1726004525436 0.3008560587820311 103
1726005006176 0.3005266518039297 104
1726005485265 0.30068300209021986 105
1726006080590 0.30057448549034754 106
1726006605938 0.30077609960058943 107
1726007094127 0.30100632906259767 108
1726007578647 0.30051228357017923 109
1726008057761 0.3009156942964614 110
