1725953380888 0.8462486590125767 0
1725953977327 0.8471260053009362 1
1725954446169 0.8482682605336122 2
1725954905873 0.846158172390133 3
1725955382295 0.8485235020544544 4
1725955836142 0.8499047103533047 5
1725956415405 0.8490109002826 6
1725956876751 0.8500650866325523 7
1725957341728 0.8504998993491243 8
1725957800636 0.8516869518525148 9
1725958280374 0.8516908428510762 10
1725958877586 0.8521130665247236 11
1725959352700 0.8527373412474716 12
1725959810325 0.8516748518950823 13
1725960272852 0.8550172664586548 14
1725960735591 0.854442197841051 15
1725961328245 0.8553131504465712 16
1725961791271 0.8559721549103406 17
1725962258681 0.8556839293370123 18
1725962714899 0.8553093208688479 19
1725963183247 0.8581164190020278 20
1725963770620 0.857982489028075 21
1725964238384 0.85832717811904 22
1725964709790 0.8582680620461177 23
1725965183303 0.8580501502753219 24
1725965654498 0.858132965444751 25
1725966242450 0.8591127164139778 26
1725966714207 0.8599364646653402 27
1725967185321 0.8591362780720571 28
1725967657848 0.8592775723630953 29
1725968127135 0.8595771674814888 30
1725968722762 0.8601294448764141 31
1725969196632 0.860036490369383 32
1725969668160 0.8600045825013911 33
1725970137952 0.8599750950321143 34
1725970609763 0.8607420830285896 35
1725971191044 0.8619831084786662 36
1725971662896 0.86058561010123 37
1725972135114 0.8624979556233986 38
1725972611439 0.8611201917838074 39
1725973084760 0.8614325279970224 40
1725973672777 0.8614216295134122 41
1725974143871 0.861607726856495 42
1725974616094 0.8607518079604471 43
1725975087436 0.8625665543844399 44
1725975560726 0.8630693134315292 45
1725976147880 0.8618255772221558 46
1725976625969 0.8616369316511914 47
1725977101155 0.8632443218370751 48
1725977573252 0.8632323144295083 49
1725978046283 0.8618304227991241 50
1725978635732 0.8628585096436104 51
1725979108363 0.8619958229996084 52
1725979583202 0.861556685793775 53
1725980057355 0.8621718117298733 54
1725980532127 0.8624077822027812 55
1725981123019 0.8625741192884548 56
1725981596246 0.8626603366798058 57
1725982068435 0.8626847826086956 58
1725982543119 0.8622075108067203 59
1725983017967 0.8628761086022091 60
1725983608170 0.8635497326319688 61
1725984082523 0.8634698416852021 62
1725984556180 0.8635017744007315 63
1725985029766 0.8631963629244523 64
1725985503269 0.862828682659475 65
1725986092684 0.862599995640517 66
1725986566029 0.8629898466661589 67
1725987040466 0.8624978219201952 68
1725987515172 0.863800998488128 69
1725987986186 0.8613894782656003 70
1725988579922 0.8629506910232375 71
1725989051473 0.8613645249576437 72
1725989523045 0.8626561837340554 73
1725989997825 0.8626683625216058 74
1725990469911 0.8622478950460153 75
1725991051767 0.8623075085250104 76
1725991534028 0.8628099893313592 77
1725992010870 0.8634320479750982 78
1725992487268 0.8626370041753654 79
1725992961310 0.8633637548891786 80
1725993553542 0.8634404388714734 81
1725994028953 0.862434725848564 82
1725994506360 0.8632433962675029 83
1725994980786 0.8627952263356578 84
1725995456283 0.8627274110461451 85
1725996046405 0.8629782608695652 86
1725996528752 0.8627495783689679 87
1725997004482 0.8627728023650117 88
1725997485168 0.8627346485980902 89
1725997958300 0.8628169442873919 90
1725998554404 0.8630950438839766 91
1725999034254 0.8626395729367125 92
1725999514696 0.8631316540027433 93
1725999996177 0.8639259082114051 94
1726000474855 0.8630087841363715 95
1726001064462 0.8624059659955646 96
1726001540633 0.8633924976330652 97
1726002019528 0.8629703358026303 98
1726002493928 0.8618304613613907 99
1726002973839 0.8631568644510179 100
1726003566040 0.8630930349016961 101
1726004045251 0.8625800409461166 102
1726004523229 0.863062080994168 103
1726005003938 0.8625741799447862 104
1726005483020 0.8617991327123931 105
1726006078467 0.8628640512340165 106
1726006603790 0.862955916725553 107
1726007091877 0.8624803870292888 108
1726007576457 0.8619837858425377 109
1726008055480 0.8629062951967724 110
