1725953383051 0.7164181988579821 0
1725953979453 0.7195099564255418 1
1725954448302 0.7212587317996928 2
1725954907976 0.7268142336789016 3
1725955384429 0.7262635143621801 4
1725955838230 0.7281765393571077 5
1725956417530 0.7314711935150385 6
1725956878892 0.7318866484381793 7
1725957343853 0.734775509415368 8
1725957802791 0.7355870957768524 9
1725958282545 0.7363310499415464 10
1725958879650 0.7424179476526797 11
1725959354810 0.7453841025690573 12
1725959812414 0.7472778040791876 13
1725960274999 0.7439734881788582 14
1725960737720 0.7471715249128028 15
1725961330369 0.750379223389146 16
1725961793405 0.7508333252818813 17
1725962260817 0.7520603665665067 18
1725962717017 0.7513840445986029 19
1725963185309 0.748195669607057 20
1725963772748 0.7517511908097506 21
1725964240512 0.7522439396720805 22
1725964711910 0.7559154017835577 23
1725965185420 0.7557897991323755 24
1725965656619 0.7572390604921692 25
1725966244575 0.7560699896619356 26
1725966716349 0.7558477695867672 27
1725967187464 0.7584564400343958 28
1725967659988 0.7589298654119284 29
1725968129247 0.7593356585926706 30
1725968724848 0.7588429097303407 31
1725969198764 0.7605723616196945 32
1725969670321 0.7615578593443542 33
1725970140075 0.7606593173012821 34
1725970611910 0.7618283881315157 35
1725971193200 0.7592873498806775 36
1725971665004 0.763876677520024 37
1725972137304 0.7642824707007662 38
1725972613566 0.7635191930512749 39
1725973086941 0.7602921710901344 40
1725973674927 0.7638863392624226 41
1725974146142 0.7636351339600583 42
1725974618267 0.7670264055419754 43
1725975089614 0.7669684350875837 44
1725975562841 0.7620119612370895 45
1725976150050 0.7656351146365735 46
1725976628104 0.7647848813054946 47
1725977103283 0.7649104839566767 48
1725977575341 0.7656254528941749 49
1725978048392 0.7643404411551579 50
1725978637914 0.7667945237244085 51
1725979110548 0.7656447763789722 52
1725979585396 0.7659539521357281 53
1725980059501 0.7652679684254259 54
1725980534240 0.7657607172877556 55
1725981125160 0.7645916464575222 56
1725981598415 0.7654515415309997 57
1725982070566 0.7668235089516043 58
1725982545249 0.7650747335774534 59
1725983020133 0.7661182017565048 60
1725983610299 0.7660988782717075 61
1725984084621 0.7651520275166424 62
1725984558314 0.7663983922860649 63
1725985031935 0.7667945237244085 64
1725985505452 0.766601288876436 65
1725986094836 0.764697925623907 66
1725986568205 0.7661858339532951 67
1725987042579 0.7651906744862369 68
1725987517301 0.7673065960715355 69
1725987988293 0.7648814987294809 70
1725988582107 0.7649587926686698 71
1725989053612 0.7662824513772813 72
1725989525227 0.7664563627404566 73
1725989999962 0.7667172297852195 74
1725990472126 0.7658186877421475 75
1725991053925 0.7671713316779548 76
1725991536157 0.765751055545357 77
1725992012961 0.7664950097100511 78
1725992489405 0.7665143331948484 79
1725992963406 0.7677606979642708 80
1725993555717 0.7664273775132607 81
1725994031128 0.7659346286509309 82
1725994508487 0.7660022608477213 83
1725994982957 0.7662631278924842 84
1725995458417 0.7669780968299823 85
1725996048526 0.7670843759963671 86
1725996530862 0.766089216529309 87
1725997006638 0.7669684350875837 88
1725997487285 0.7664177157708622 89
1725997960427 0.7667075680428208 90
1725998556585 0.7667462150124154 91
1725999036385 0.7665916271340374 92
1725999516836 0.7660698930445117 93
1725999998329 0.7678766388730544 94
1726000477039 0.7669780968299823 95
1726001066606 0.7664756862252539 96
1726001542811 0.7665433184220443 97
1726002021682 0.7664853479676524 98
1726002496059 0.7668718176635975 99
1726002976010 0.7668428324364016 100
1726003568150 0.7660022608477213 101
1726004047358 0.7652969536526217 102
1726004525344 0.7649491309262713 103
1726005006114 0.7667752002396112 104
1726005485197 0.7661278634989034 105
1726006080538 0.7654322180462024 106
1726006605887 0.7669394498603879 107
1726007094025 0.764775219563096 108
1726007578586 0.7653259388798176 109
1726008057666 0.766678582815625 110
